# 1 + 1
x <- 10

